{
 "cells": [
  {
   "cell_type": "code",
   "execution_count": 6,
   "id": "4624e1e8",
   "metadata": {},
   "outputs": [
    {
     "name": "stdout",
     "output_type": "stream",
     "text": [
      "Vectors are: \n",
      " a1= [92 60 68  8 50] \n",
      " a2= [48 66 62 15 56] \n",
      " a3= [72 81  3 95 20] \n",
      " a4= [99 64 54 28 57] \n",
      " a5= [31 49 48 40 39] \n",
      "\n",
      "Matrix M is:\n",
      " [[92 60 68  8 50]\n",
      " [48 66 62 15 56]\n",
      " [72 81  3 95 20]\n",
      " [99 64 54 28 57]\n",
      " [31 49 48 40 39]] \n",
      "\n",
      "Determinant of the Matrix M is: 119944982.0 and not equal to zero.\n",
      "So vectors are linearly independent\n"
     ]
    }
   ],
   "source": [
    "#Group Members:\n",
    "# AJAY SAXENA\n",
    "# NANDHINI P\n",
    "# V S SARAN MALLADI\n",
    "    \n",
    "\n",
    "# QUESTION 1.(i) Write a code to generate five random vectors a1, a2, a3, a4, a5 ∈ R5 and verify that these set of vectors are linearly independent.\n",
    "# Deliverables : Code and related results\n",
    "    \n",
    "import numpy as np\n",
    "#generating the random vectors\n",
    "a1=np.random.randint(1,100,size=(5))\n",
    "a2=np.random.randint(1,100,size=(5))\n",
    "a3=np.random.randint(1,100,size=(5))\n",
    "a4=np.random.randint(1,100,size=(5))\n",
    "a5=np.random.randint(1,100,size=(5))\n",
    "print('Vectors are: \\n','a1=',a1,'\\n','a2=',a2,'\\n','a3=',a3,'\\n','a4=',a4,'\\n','a5=',a5,'\\n')\n",
    "#Generating matrix from vectors\n",
    "m=np.array([a1,a2,a3,a4,a5])\n",
    "print(\"Matrix M is:\\n\",m,\"\\n\")\n",
    "#Determinant of the matrix\n",
    "d=np.linalg.det(m)\n",
    "d=round(d,0)\n",
    "# Verifying the linearly dependence of vectors\n",
    "if d==0:\n",
    "    print(\"Vectors are linearly dependent\")\n",
    "else:  \n",
    "    print(\"Determinant of the Matrix M is:\",d,\"and not equal to zero.\\nSo vectors are linearly independent\")"
   ]
  },
  {
   "cell_type": "code",
   "execution_count": 7,
   "id": "c3776e2f",
   "metadata": {},
   "outputs": [
    {
     "name": "stdout",
     "output_type": "stream",
     "text": [
      "Vectors are :\n",
      "a1= [92 60 68  8 50] \n",
      "a2= [48 66 62 15 56] \n",
      "a3= [72 81  3 95 20] \n",
      "a4= [99 64 54 28 57] \n",
      "a5= [31 49 48 40 39]\n",
      "\n",
      "Matrix M:\n",
      " [[92 60 68  8 50]\n",
      " [48 66 62 15 56]\n",
      " [72 81  3 95 20]\n",
      " [99 64 54 28 57]\n",
      " [31 49 48 40 39]]\n",
      "q1= [ 0.5628833  -0.3651905   0.25877458 -0.0451754  -0.62994079]\n",
      "q2= [ 0.29367825  0.53704485  0.43129097 -0.63245553  0.12598816]\n",
      "q3= [ 0.44051737  0.42963588 -0.77632375  0.         -0.12598816]\n",
      "q4= [ 0.60571138 -0.38667229 -0.01725164  0.09035079  0.75592895]\n",
      "q5= [0.1896672  0.49408126 0.37953606 0.76798172 0.        ]\n",
      "\n",
      "q1 Norm= 1 \n",
      "q2 Norm= 1 \n",
      "q3 Norm= 1 \n",
      "q4 Norm= 1 \n",
      "q5 Norm= 1\n"
     ]
    }
   ],
   "source": [
    "# QUESTION 1.(ii) Write a function that applies Gram-Schmidt Algorithm on the set of vectors a1, a2, a3, a4, a5. Let the output of Gram Schmidt algorithm be the vectors q1, q2, q3, q4, q5.\n",
    "# Deliverables : Code and the result vectors\n",
    "import numpy as np\n",
    "print(\"Vectors are :\\na1=\",a1,\"\\na2=\",a2,\"\\na3=\",a3,\"\\na4=\",a4,\"\\na5=\",a5)\n",
    "\n",
    "M=np.array([a1,a2,a3,a4,a5])\n",
    "print(\"\\nMatrix M:\\n\",M)\n",
    "\n",
    "#applying Gram Schmidt algorithm on the set of random vectors to produce orthonormal vectors\n",
    "#q1=a1/np.linalg.norm(a1)\n",
    "#print(\"\\nq1=\",q1,\"\\n\")\n",
    "def gramschmidt(A):\n",
    "    \"\"\"\n",
    "    Applies the Gram-Schmidt method to A\n",
    "    and returns Q and R, so Q*R = A.\n",
    "    \"\"\"\n",
    "    R = np.zeros((A.shape[1], A.shape[1]))\n",
    "    Q = np.zeros(A.shape)\n",
    "    for k in range(0, A.shape[1]):\n",
    "        R[k, k] = np.sqrt(np.dot(A[:, k], A[:, k]))\n",
    "        Q[:, k] = A[:, k]/R[k, k]\n",
    "        for j in range(k+1, A.shape[1]):\n",
    "            R[k, j] = np.dot(Q[:, k], A[:, j])\n",
    "            A[:, j] = A[:, j] - R[k, j]*Q[:, k]\n",
    "    return Q\n",
    "Q_1 = gramschmidt(M)\n",
    "\n",
    "for a,k in enumerate(Q_1):\n",
    "    new_var = \"q\"+str(a+1)\n",
    "    globals()[new_var] = k\n",
    "    print(\"q\"+str(a+1)+\"=\",k)\n",
    "# Just to check if q1,q2,q3,q4,q5 are vectors of unit magnitude?\n",
    "print(\"\\nq1 Norm=\",round(np.linalg.norm(q1)),\"\\nq2 Norm=\",round(np.linalg.norm(q2)),\"\\nq3 Norm=\",round(np.linalg.norm(q3)),\"\\nq4 Norm=\",round(np.linalg.norm(q4)),\"\\nq5 Norm=\",round(np.linalg.norm(q5)) )   "
   ]
  },
  {
   "cell_type": "code",
   "execution_count": 8,
   "id": "651fc977",
   "metadata": {},
   "outputs": [
    {
     "name": "stdout",
     "output_type": "stream",
     "text": [
      "q1=\n",
      " [[ 0.5628833 ]\n",
      " [-0.3651905 ]\n",
      " [ 0.25877458]\n",
      " [-0.0451754 ]\n",
      " [-0.62994079]] \n",
      "q2=\n",
      " [[ 0.29367825]\n",
      " [ 0.53704485]\n",
      " [ 0.43129097]\n",
      " [-0.63245553]\n",
      " [ 0.12598816]] \n",
      "q3=\n",
      " [[ 0.44051737]\n",
      " [ 0.42963588]\n",
      " [-0.77632375]\n",
      " [ 0.        ]\n",
      " [-0.12598816]] \n",
      "q4=\n",
      " [[ 0.60571138]\n",
      " [-0.38667229]\n",
      " [-0.01725164]\n",
      " [ 0.09035079]\n",
      " [ 0.75592895]] \n",
      "q5=\n",
      " [[0.1896672 ]\n",
      " [0.49408126]\n",
      " [0.37953606]\n",
      " [0.76798172]\n",
      " [0.        ]]\n",
      "\n",
      "Matrix Q is:\n",
      " [[ 0.5628833   0.29367825  0.44051737  0.60571138  0.1896672 ]\n",
      " [-0.3651905   0.53704485  0.42963588 -0.38667229  0.49408126]\n",
      " [ 0.25877458  0.43129097 -0.77632375 -0.01725164  0.37953606]\n",
      " [-0.0451754  -0.63245553  0.          0.09035079  0.76798172]\n",
      " [-0.62994079  0.12598816 -0.12598816  0.75592895  0.        ]]\n",
      "\n",
      "Matrix QT:\n",
      " [[ 0.5628833  -0.3651905   0.25877458 -0.0451754  -0.62994079]\n",
      " [ 0.29367825  0.53704485  0.43129097 -0.63245553  0.12598816]\n",
      " [ 0.44051737  0.42963588 -0.77632375  0.         -0.12598816]\n",
      " [ 0.60571138 -0.38667229 -0.01725164  0.09035079  0.75592895]\n",
      " [ 0.1896672   0.49408126  0.37953606  0.76798172  0.        ]]\n",
      "\n",
      "Matrix B=QTQ:\n",
      " [[ 9.16032210e-01  2.99963996e-02 -3.04668452e-02 -2.58252686e-03\n",
      "  -1.01528711e-02]\n",
      " [ 2.99963996e-02  9.76548999e-01  9.40965642e-03  8.78657407e-04\n",
      "  -9.78885768e-04]\n",
      " [-3.04668452e-02  9.40965642e-03  9.97194125e-01  1.88528571e-02\n",
      "   1.18387321e-03]\n",
      " [-2.58252686e-03  8.78657407e-04  1.88528571e-02  1.09629119e+00\n",
      "  -1.33238135e-02]\n",
      " [-1.01528711e-02 -9.78885768e-04  1.18387321e-03 -1.33238135e-02\n",
      "   1.01393347e+00]]\n",
      "\n",
      "Matrix B=QTQ:\n",
      " [[ 9.16032210e-01  2.99963996e-02 -3.04668452e-02 -2.58252686e-03\n",
      "  -1.01528711e-02]\n",
      " [ 2.99963996e-02  9.76548999e-01  9.40965642e-03  8.78657407e-04\n",
      "  -9.78885768e-04]\n",
      " [-3.04668452e-02  9.40965642e-03  9.97194125e-01  1.88528571e-02\n",
      "   1.18387321e-03]\n",
      " [-2.58252686e-03  8.78657407e-04  1.88528571e-02  1.09629119e+00\n",
      "  -1.33238135e-02]\n",
      " [-1.01528711e-02 -9.78885768e-04  1.18387321e-03 -1.33238135e-02\n",
      "   1.01393347e+00]]\n"
     ]
    }
   ],
   "source": [
    "# QUESTION 1.(iii) Write a code to create a matrix Q ∈ R 5×5 with q1, q2, q3, q4, q5 as the five columns. Then create a matrix B = Q⊤Q.\n",
    "# Deliverables : Code and the matrix B\n",
    "\n",
    "import numpy as np\n",
    "#five column vectors as q1,q2,q3,q4,q5 \n",
    "# q1=np.array(q1)\n",
    "q1=q1.reshape(5,1)\n",
    "q2=q2.reshape(5,1)\n",
    "q3=q3.reshape(5,1)\n",
    "q4=q4.reshape(5,1)\n",
    "q5=q5.reshape(5,1)\n",
    "print(\"q1=\\n\",q1,\"\\nq2=\\n\",q2,\"\\nq3=\\n\",q3,\"\\nq4=\\n\",q4,\"\\nq5=\\n\",q5)\n",
    "\n",
    "# Matrix Q created from Column vectors q1,q2,q3,q4,q5\n",
    "Q=np.concatenate([q1,q2,q3,q4,q5],axis=1).reshape(5,5)\n",
    "print(\"\\nMatrix Q is:\\n\",Q)\n",
    "#Create Q-transpose\n",
    "QT=Q.transpose()\n",
    "print(\"\\nMatrix QT:\\n\",QT)\n",
    "\n",
    "# Multiplication of QT & Q          \n",
    "C = np.zeros((A.shape[0],B.shape[1]),dtype = float)\n",
    "for row in range(len(QT)):\n",
    "    for col in range(len(Q)):\n",
    "                     for elt in range(len(Q)):\n",
    "                         C[row, col] += QT[row, elt] * Q[elt, col]\n",
    "print(\"\\nMatrix B=QTQ:\\n\",C)\n",
    "#Just to check if the codes for multiplication is correct, lets get B=QTQ through matmul?\n",
    "print(\"\\nMatrix B=QTQ:\\n\",np.matmul(QT,Q))\n",
    "\n"
   ]
  },
  {
   "cell_type": "code",
   "execution_count": 9,
   "id": "faa06a30",
   "metadata": {},
   "outputs": [
    {
     "name": "stdout",
     "output_type": "stream",
     "text": [
      "B=\n",
      " [[ 9.16032210e-01  2.99963996e-02 -3.04668452e-02 -2.58252686e-03\n",
      "  -1.01528711e-02]\n",
      " [ 2.99963996e-02  9.76548999e-01  9.40965642e-03  8.78657407e-04\n",
      "  -9.78885768e-04]\n",
      " [-3.04668452e-02  9.40965642e-03  9.97194125e-01  1.88528571e-02\n",
      "   1.18387321e-03]\n",
      " [-2.58252686e-03  8.78657407e-04  1.88528571e-02  1.09629119e+00\n",
      "  -1.33238135e-02]\n",
      " [-1.01528711e-02 -9.78885768e-04  1.18387321e-03 -1.33238135e-02\n",
      "   1.01393347e+00]]\n",
      "\n",
      "I5=\n",
      " [[1. 0. 0. 0. 0.]\n",
      " [0. 1. 0. 0. 0.]\n",
      " [0. 0. 1. 0. 0.]\n",
      " [0. 0. 0. 1. 0.]\n",
      " [0. 0. 0. 0. 1.]]\n",
      "\n",
      "Frobenious Norm ||B-I5||F= 0\n"
     ]
    }
   ],
   "source": [
    "# QUESTION 1.(iv) Write a code to calculate the value of ∥B − I5∥F where ∥ · ∥F is the matrix Frobenius norm. \n",
    "# Deliverables : Code and the display of the value calculated\n",
    "\n",
    "from numpy import linalg as LA\n",
    "print(\"B=\\n\",C)\n",
    "#Generate I5\n",
    "I5=np.identity(5)\n",
    "print(\"\\nI5=\\n\",I5)\n",
    "#Frobenious Norm\n",
    "print(\"\\nFrobenious Norm ||B-I5||F=\",round(LA.norm(B-I5)))"
   ]
  },
  {
   "cell_type": "code",
   "execution_count": 10,
   "id": "ad71d3ae",
   "metadata": {},
   "outputs": [
    {
     "name": "stdout",
     "output_type": "stream",
     "text": [
      "Input Matrix: \n",
      " [[9. 9. 4. 8. 8.]\n",
      " [1. 5. 3. 6. 3.]\n",
      " [3. 3. 2. 1. 9.]\n",
      " [5. 1. 7. 3. 5.]\n",
      " [2. 6. 4. 5. 5.]]\n",
      "\n",
      "Vectors are Linearly In-Dependent\n",
      "\n",
      "GS by Calculation: \n",
      " [[ 0.514  0.514  0.229  0.457  0.457]\n",
      " [-0.726  0.223  0.284  0.568 -0.144]\n",
      " [-0.402 -0.135  0.104 -0.297  0.849]\n",
      " [ 0.196 -0.493  0.843  0.001 -0.088]\n",
      " [-0.092  0.651  0.382 -0.617 -0.203]]\n",
      "\n",
      "GS by Inbuilt Method: \n",
      " [[ 0.514  0.514  0.229  0.457  0.457]\n",
      " [-0.726  0.223  0.284  0.568 -0.144]\n",
      " [-0.402 -0.135  0.104 -0.297  0.849]\n",
      " [ 0.196 -0.493  0.843  0.001 -0.088]\n",
      " [-0.092  0.651  0.382 -0.617 -0.203]]\n",
      "\n",
      "B = Qt.Q: \n",
      " [[ 1. -0. -0.  0.  0.]\n",
      " [-0.  1. -0.  0.  0.]\n",
      " [-0. -0.  1. -0.  0.]\n",
      " [ 0.  0. -0.  1. -0.]\n",
      " [ 0.  0.  0. -0.  1.]]\n",
      "\n",
      "Frobenius Norm of B-I5: 0.0\n"
     ]
    }
   ],
   "source": [
    "#alternate method to do the above all\n",
    "import numpy as np\n",
    "np.random.seed(100)\n",
    "dim=5\n",
    "A=[]\n",
    "for i in range(dim):\n",
    "    A.append(np.random.randint(1,10, size=dim)) \n",
    "A = np.array(A).astype(\"float\")\n",
    "print(\"Input Matrix: \\n\", A)\n",
    "\n",
    "Rank_A = np.linalg.matrix_rank(A)\n",
    "print(\"\\nVectors are Linearly \" + (\"In-\" if Rank_A==dim else \"\") + \"Dependent\")\n",
    "\n",
    "def gram_schmidt(A):    \n",
    "    for i in range(len(A)):  \n",
    "        intr_sum=0\n",
    "        for j in range(i):\n",
    "            intr_sum += np.dot(A[i],A[j].transpose())*A[j]                 \n",
    "        A[i] -= intr_sum        \n",
    "        A[i] = A[i]/np.linalg.norm(A[i])\n",
    "    print(\"\\nGS by Calculation: \\n\", np.round(A,3))\n",
    "    return A\n",
    "\n",
    "Q = gram_schmidt(A)\n",
    "\n",
    "import sympy as sym\n",
    "C = [sym.Matrix(v) for v in A]\n",
    "C = sym.GramSchmidt(C, True)\n",
    "C = np.array(C).reshape(5,5).astype('f')\n",
    "print(\"\\nGS by Inbuilt Method: \\n\", np.round(C,3))\n",
    "\n",
    "B = np.round(np.matmul(Q.transpose(), Q),10)\n",
    "print(\"\\nB = Qt.Q: \\n\", B)\n",
    "\n",
    "N = B-np.eye(5)\n",
    "print(\"\\nFrobenius Norm of B-I5:\", np.round(np.linalg.norm(N), 10))"
   ]
  },
  {
   "cell_type": "code",
   "execution_count": null,
   "id": "08926dbe",
   "metadata": {},
   "outputs": [],
   "source": []
  },
  {
   "cell_type": "code",
   "execution_count": null,
   "id": "4a8c0ac2",
   "metadata": {},
   "outputs": [],
   "source": []
  },
  {
   "cell_type": "code",
   "execution_count": null,
   "id": "2eb919e8",
   "metadata": {},
   "outputs": [],
   "source": []
  }
 ],
 "metadata": {
  "kernelspec": {
   "display_name": "Python 3 (ipykernel)",
   "language": "python",
   "name": "python3"
  },
  "language_info": {
   "codemirror_mode": {
    "name": "ipython",
    "version": 3
   },
   "file_extension": ".py",
   "mimetype": "text/x-python",
   "name": "python",
   "nbconvert_exporter": "python",
   "pygments_lexer": "ipython3",
   "version": "3.9.7"
  }
 },
 "nbformat": 4,
 "nbformat_minor": 5
}
